10_Ne 56.156075 -2.006642 66.275796 -12.126364 54.149432 54.149432 128.360617 128.360617 -310.984541 -128.474407 -310.984457558 128.360618829
14_Si 115.656889 -3.904157 131.692369 -19.939637 111.752732 111.752732 288.768765 288.768765 -689.353741 -288.829124 -689.350396825 288.768521069
17_Cl 181.360822 -5.956549 202.666737 -27.262465 175.404272 175.404272 459.207823 459.207823 -1094.057920 -459.443814 -1094.054913072 459.206823264
3_Li 2.311610 -0.015877 3.962599 -1.666866 2.295732 2.295732 7.458104 7.458104 -17.185215 -7.431369 -17.185203820 7.458102613
18_Ar 208.204588 -6.768382 231.617526 -30.181320 201.436206 201.436206 526.477405 526.477405 -1254.690573 -526.773745 -1254.687247447 526.477298821
8_O 29.477125 -1.041460 35.819575 -7.383910 28.435665 28.435665 74.530792 74.530792 -177.744098 -74.777584 -177.744042679 74.530793862
5_B 8.099313 -0.189468 11.457707 -3.547861 7.909845 7.909845 24.623906 24.623906 -57.053180 -24.519403 -57.053154735 24.623906197
1_H 0.000000 0.000000 0.000000 0.000000 0.000000 0.000000 0.509867 0.509867 -1.008100 -0.498233 -1.008099523 0.509866615
9_F 41.383243 -1.465281 49.498854 -9.580892 39.917962 39.917962 99.157591 99.157591 -238.436646 -99.361021 -238.436576907 99.157593768
2_He 1.026907 0.000000 2.053814 -1.026907 1.026907 1.026907 2.855325 2.855325 -6.737393 -2.855160 -6.737392500 2.855324905
13_Al 98.098162 -3.316366 112.720077 -17.938282 94.781796 94.781796 241.797716 241.797716 -578.440853 -241.854766 -578.436272165 241.799713704
4_Be 4.600389 -0.055438 7.227866 -2.682914 4.544952 4.544952 14.676772 14.676772 -33.788685 -14.566944 -33.788667441 14.676771092
6_C 13.209319 -0.409225 17.290342 -4.490248 12.800094 12.800094 37.689479 37.689479 -88.166715 -37.677107 -88.166681019 37.689479951
12_Mg 82.651583 -2.796413 95.852616 -15.997445 79.855171 79.855171 199.566192 199.566192 -479.020110 -199.595611 -479.015167459 199.564436765
16_S 157.133623 -5.223519 176.453107 -24.543002 151.910105 151.910105 397.305136 397.305136 -946.688122 -397.471633 -946.685312218 397.303564428
7_N 20.252941 -0.729870 25.053870 -5.530799 19.523071 19.523071 54.227177 54.227177 -128.132605 -54.382311 -128.132561532 54.227179408
11_Na 68.248408 -2.335993 79.805002 -13.892587 65.912415 65.912415 161.696963 161.696963 -389.444189 -161.841402 -389.442897289 161.689039571
15_P 135.378852 -4.567044 152.819754 -22.007946 130.811809 130.811809 340.563188 340.563188 -812.066584 -340.689986 -812.063668545 340.561856198
